Wallet 1 :

Public Key: 3tZXKYsVyH6q4brmjcUWMJnfG2zbUaURqCzFAne5Gh9t

Secret Key: Uint8Array(64) [
   52,   0,  14,  56,  61,  28, 148,  33, 227, 107, 209,
   36,  49,  59, 177, 179, 220, 205, 230,  85, 107, 197,
   53, 194, 123,  52, 116, 214, 100,  15,   6,  59,  42,
  236, 196, 202,  86,  34,   9,  43,  97,  33, 202, 225,
   22,  18, 164, 195, 208, 129, 163, 254, 247,  60,  13,
  187, 127, 235, 250,  92,  77, 253, 136,  27
]


Wallet 2 :

Public Key: Eq6ZkB5vVKy28JU4jmsdx8wXstD9xsMiUPb92sqftvzn
Secret Key: Uint8Array(64) [
  100, 138, 159,  16, 203,  17,  92, 158,  80, 229, 255,
   48,   9,  33, 139, 230,  27, 194,  46, 131,  63, 252,
  178, 185,  37, 141,  76,  17, 251,  47, 175, 214, 205,
  122,  25, 202,  95, 178, 113, 229, 183, 149, 212, 162,
  187,  82, 249, 177, 167, 150, 218, 101, 220, 119, 215,
  206, 135, 144,  46, 103,  65, 225,  24, 227
]